83 104 101 115 32 103 111 116 32 97 32 115 109 105 108 101 32 116 104 97 116 32 105 116 32 115 101 101 109 115 32 116 111 32 109 101 10
82 101 109 105 110 100 115 32 109 101 32 111 102 32 99 104 105 108 100 104 111 111 100 32 109 101 109 111 114 105 101 115 10
87 104 101 114 101 32 101 118 101 114 121 116 104 105 110 103 32 119 97 115 32 97 115 32 102 114 101 115 104 10
65 115 32 116 104 101 32 98 114 105 103 104 116 32 98 108 117 101 32 115 107 121 10
10
78 111 119 32 97 110 100 32 116 104 101 110 32 119 104 101 110 32 73 32 115 101 101 32 104 101 114 32 102 97 99 101 10
83 104 101 32 116 97 107 101 115 32 109 101 32 97 119 97 121 32 116 111 32 116 104 97 116 32 115 112 101 99 105 97 108 32 112 108 97 99 101 10
65 110 100 32 105 102 32 73 32 115 116 97 114 101 32 116 111 111 32 108 111 110 103 10
73 100 32 112 114 111 98 97 98 108 121 32 98 114 101 97 107 32 100 111 119 110 32 97 110 100 32 99 114 121 10
10
79 104 32 111 104 32 111 104 32 115 119 101 101 116 32 99 104 105 108 100 32 111 102 32 109 105 110 101 10
79 104 32 111 104 32 111 104 32 111 104 32 115 119 101 101 116 32 108 111 118 101 32 111 102 32 109 105 110 101 10
10
83 104 101 115 32 103 111 116 32 101 121 101 115 32 111 102 32 116 104 101 32 98 108 117 101 115 116 32 115 107 105 101 115 10
65 115 32 105 102 32 116 104 101 121 32 116 104 111 117 103 104 116 32 111 102 32 114 97 105 110 10
73 32 104 97 116 101 32 116 111 32 108 111 111 107 32 105 110 116 111 32 116 104 111 115 101 32 101 121 101 115 10
65 110 100 32 115 101 101 32 97 110 32 111 117 110 99 101 32 111 102 32 112 97 105 110 10
10
72 101 114 32 104 97 105 114 32 114 101 109 105 110 100 115 32 109 101 32 111 102 32 97 32 119 97 114 109 32 115 97 102 101 32 112 108 97 99 101 10
87 104 101 114 101 32 97 115 32 97 32 99 104 105 108 100 32 73 100 32 104 105 100 101 10
65 110 100 32 112 114 97 121 32 102 111 114 32 116 104 101 32 116 104 117 110 100 101 114 32 97 110 100 32 116 104 101 32 114 97 105 110 10
84 111 32 113 117 105 101 116 108 121 32 112 97 115 115 32 109 101 32 98 121 10
10
79 104 32 111 104 32 111 104 32 115 119 101 101 116 32 99 104 105 108 100 32 111 102 32 109 105 110 101 10
79 104 32 111 104 32 111 104 32 111 104 32 115 119 101 101 116 32 108 111 118 101 32 111 102 32 109 105 110 101 10
79 104 32 111 104 32 111 104 32 111 104 32 115 119 101 101 116 32 99 104 105 108 100 32 111 102 32 109 105 110 101 10
79 111 104 32 121 101 97 104 32 121 101 97 104 10
79 111 104 32 83 119 101 101 116 32 108 111 118 101 32 111 102 32 109 105 110 101 10
10
87 104 101 114 101 32 100 111 32 119 101 32 103 111 10
87 104 101 114 101 32 100 111 32 119 101 32 103 111 32 110 111 119 10
87 104 101 114 101 32 100 111 32 119 101 32 103 111 10
10
87 104 101 114 101 32 100 111 32 119 101 32 103 111 10
87 104 101 114 101 32 100 111 32 119 101 32 103 111 32 110 111 119 10
87 104 101 114 101 32 100 111 32 119 101 32 103 111 32 110 111 119 10
10
87 104 101 114 101 32 100 111 32 119 101 32 103 111 10
87 104 101 114 101 32 100 111 32 119 101 32 103 111 32 110 111 119 10
87 104 101 114 101 32 100 111 32 119 101 32 103 111 10
87 104 101 114 101 32 100 111 32 119 101 32 103 111 10
10
87 104 101 114 101 32 100 111 32 119 101 32 103 111 32 110 111 119 10
87 104 101 114 101 32 100 111 32 119 101 32 103 111 10
87 104 101 114 101 32 100 111 32 119 101 32 103 111 32 110 111 119 10
87 104 101 114 101 32 100 111 32 119 101 32 103 111 10
10
87 104 101 114 101 32 100 111 32 119 101 32 103 111 32 110 111 119 10
87 104 101 114 101 32 100 111 32 119 101 32 103 111 10
87 104 101 114 101 32 100 111 32 119 101 32 103 111 32 110 111 119 10
78 111 119 32 110 111 119 32 110 111 119 10
78 111 119 32 110 111 119 32 110 111 119 32 110 111 119 10
10
83 119 101 101 116 32 99 104 105 108 100 10
83 119 101 101 116 32 99 104 105 108 100 32 111 102 32 109 105 110 101
